name,type
.eslintrc.js,file
.github,dir
.gitignore,file
.npmrc,file
.stylelintrc,file
AUTHORS,file
CONTRIBUTING.md,file
ChromeWebRTCNetworkLimiterExtension_0.1.zip,file
ChromeWebRTCNetworkLimiterExtension_0.2.1.1.zip,file
ISSUE_TEMPLATE,dir
LICENSE.md,file
PULL_REQUEST_TEMPLATE.md,file
README.md,file
Shamisen-C4.wav,file
_locales,dir
always-negotiate-datachannels,dir
audio,dir
audio-processing,dir
audio.mp3,file
bandwidth,dir
basic,dir
bug_report.md,file
bump.jpg,file
camera-source.js,file
cameracontroller.js,file
canvas,dir
canvas-filter,dir
canvas-pc,dir
canvas-record,dir
canvas-source.js,file
canvas-transform.js,file
canvas-video,dir
capture,dir
change-codecs,dir
channel,dir
chrome.mp4,file
chrome.ogv,file
chrome.webm,file
config.yml,file
connection.test.js,file
constraints,dir
content,dir
create-offer,dir
css,dir
datachannel,dir
datatransfer,dir
demo.js,file
desktopCaptureExtension.zip,file
devices,dir
download-browsers.js,file
dtmf,dir
en,dir
endtoend-encryption,dir
exposure,dir
extensions,dir
filetransfer,dir
filter,dir
ga.js,file
getdisplaymedia,dir
getusermedia,dir
google1b7eb21c5b594ba0.html,file
graph.js,file
gum,dir
icon_128.png,file
icon_16.png,file
images,dir
img,dir
index.html,file
input-output,dir
insertable-streams,dir
interop,dir
interop-tests.yml,file
js,dir
lib,dir
main.css,file
main.js,file
manifest.json,file
matrix4x4.js,file
messages.json,file
messaging,dir
mixed-content.webm,file
multi,dir
multi_video_main.js,file
multi_video_worker.js,file
multi_video_worker_manager.js,file
multiple,dir
multiple-relay,dir
multipleroutes,dir
munge-sdp,dir
negotiate-timing,dir
netli_1280.png,file
options.html,file
options.js,file
package.json,file
pan-tilt-zoom,dir
pc1,dir
peer-connection-pipe.js,file
peer-connection-sink.js,file
peer-connection-source.js,file
peer.js,file
peerconnection,dir
per-frame-callback,dir
perfect-negotiation,dir
pipeline.js,file
poster.jpg,file
pr-answer,dir
record,dir
release,dir
resolution,dir
restart-ice,dir
simple-transforms.js,file
skybox-negx.jpg,file
skybox-negy.jpg,file
skybox-negz.jpg,file
skybox-posx.jpg,file
skybox-posy.jpg,file
skybox-posz.jpg,file
soundmeter.js,file
source,dir
src,dir
states,dir
steps.js,file
streamvisualizer.js,file
svc,dir
teapot-streams.js,file
test,dir
test.js,file
test.yml,file
third_party,dir
trickle-ice,dir
upgrade,dir
video,dir
video-analyzer,dir
video-contenthint,dir
video-crop,dir
video-mirror-helper.js,file
video-pc,dir
video-processing,dir
video-sink.js,file
video-source.js,file
video-video,dir
videopipe.js,file
volume,dir
volume-meter-processor.js,file
webaudio-input,dir
webaudio-output,dir
webaudioextended.js,file
webcodec-transform.js,file
webdriver.js,file
webgl-debug.js,file
webgl-transform.js,file
webgl-utils.js,file
webgl_teapot,dir
webgpu,dir
webrtc-icon-192x192.png,file
webrtcclient.js,file
worker-process,dir
worker.js,file
workflows,dir
